#       k [h/Mpc]           P_cdm          P_vcdm         P_total
          0.0001          2.1466          2.1466          2.1466
     0.000106333         2.27702         2.27702         2.27702
     0.000113066         2.41535         2.41535         2.41535
     0.000120226         2.56207         2.56207         2.56207
      0.00012784         2.71769         2.71769         2.71769
     0.000135936         2.88275         2.88275         2.88275
     0.000144544         3.05781         3.05781         3.05781
     0.000153697         3.24349         3.24349         3.24349
     0.000163431         3.44041         3.44041         3.44041
      0.00017378         3.64926         3.64926         3.64926
     0.000184785         3.87076         3.87076         3.87076
     0.000196487         4.10565         4.10565         4.10565
      0.00020893         4.35475         4.35475         4.35475
      0.00022216          4.6189          4.6189          4.6189
     0.000236229           4.899           4.899           4.899
     0.000251189         5.19599         5.19599         5.19599
     0.000267096         5.51089         5.51089         5.51089
      0.00028401         5.84476         5.84476         5.84476
     0.000301995          6.1987          6.1987          6.1987
     0.000321119          6.5739          6.5739          6.5739
     0.000341455         6.97161         6.97161         6.97161
     0.000363078         7.39313         7.39313         7.39313
     0.000386071         7.83985         7.83985         7.83985
     0.000410519         8.31322         8.31322         8.31322
     0.000436516         8.81477         8.81477         8.81477
     0.000464159         9.34609         9.34609         9.34609
     0.000493552         9.90887         9.90887         9.90887
     0.000524807         10.5049         10.5049         10.5049
     0.000558042         11.1359         11.1359         11.1359
     0.000593381          11.804          11.804          11.804
     0.000630957          12.511          12.511          12.511
     0.000670914         13.2591         13.2591         13.2591
       0.0007134         14.0504         14.0504         14.0504
     0.000758578         14.8871         14.8871         14.8871
     0.000806616         15.7716         15.7716         15.7716
     0.000857696         16.7062         16.7062         16.7062
     0.000912011         17.6933         17.6933         17.6933
     0.000969765         18.7355         18.7355         18.7355
      0.00103118         19.8352         19.8352         19.8352
      0.00109648         20.9949         20.9949         20.9949
      0.00116591         22.2173         22.2173         22.2173
      0.00123975         23.5048         23.5048         23.5048
      0.00131826           24.86           24.86           24.86
      0.00140174         26.2853         26.2853         26.2853
       0.0014905         27.7831         27.7831         27.7831
      0.00158489         29.3556         29.3556         29.3556
      0.00168526          31.005          31.005          31.005
      0.00179198         32.7331         32.7331         32.7331
      0.00190546         34.5417         34.5417         34.5417
      0.00202613         36.4323         36.4323         36.4323
      0.00215443         38.4058         38.4058         38.4058
      0.00229087          40.463          40.463          40.463
      0.00243594         42.6042         42.6042         42.6042
       0.0025902         44.8293         44.8293         44.8293
      0.00275423         47.1374         47.1374         47.1374
      0.00292864         49.5272         49.5272         49.5272
      0.00311411         51.9967         51.9967         51.9967
      0.00331131         54.5429         54.5429         54.5429
      0.00352101         57.1624         57.1624         57.1624
      0.00374398         59.8507         59.8507         59.8507
      0.00398107         62.6022         62.6022         62.6022
      0.00423318         65.4105         65.4105         65.4105
      0.00450125         68.2682         68.2682         68.2682
       0.0047863         71.1664         71.1664         71.1664
       0.0050894         74.0955         74.0955         74.0955
       0.0054117         77.0443         77.0443         77.0443
       0.0057544         80.0005         80.0005         80.0005
      0.00611881         82.9502         82.9502         82.9502
      0.00650629         85.8784         85.8784         85.8784
      0.00691831         88.7687         88.7687         88.7687
      0.00735642         91.6029         91.6029         91.6029
      0.00782228         94.3616         94.3616         94.3616
      0.00831764         97.0237         97.0237         97.0237
      0.00884437         99.5667         99.5667         99.5667
      0.00940445         101.966         101.966         101.966
            0.01         104.197         104.197         104.197
       0.0106333          106.23          106.23          106.23
       0.0113066         108.037         108.037         108.037
       0.0120226         109.588         109.588         109.588
        0.012784         110.849         110.849         110.849
       0.0135936         111.788         111.788         111.788
       0.0144544          112.37          112.37          112.37
       0.0153697         112.562         112.562         112.562
       0.0163431          112.33          112.33          112.33
        0.017378         111.646         111.646         111.646
       0.0184785         110.483         110.483         110.483
       0.0196487         108.824         108.824         108.824
        0.020893         106.663         106.663         106.663
        0.022216         104.007         104.007         104.007
       0.0236229         100.879         100.879         100.879
       0.0251189         97.3224         97.3224         97.3224
       0.0267096         93.3995         93.3995         93.3995
        0.028401         89.1907         89.1907         89.1907
       0.0301995         84.7901         84.7901         84.7901
       0.0321119         80.2998         80.2998         80.2998
       0.0341455         75.8227         75.8227         75.8227
       0.0363078         71.4556         71.4556         71.4556
       0.0386071         67.2833         67.2833         67.2833
       0.0410519          63.375          63.375          63.375
       0.0436516         59.7826         59.7826         59.7826
       0.0464159         56.5389         56.5389         56.5389
       0.0493552         53.6549         53.6549         53.6549
       0.0524807          51.114          51.114          51.114
       0.0558042         48.8633         48.8633         48.8633
       0.0593381          46.805          46.805          46.805
       0.0630957         44.7933         44.7933         44.7933
       0.0670914         42.6465         42.6465         42.6465
         0.07134         40.1835         40.1835         40.1835
       0.0758578         37.2845         37.2845         37.2845
       0.0806616           33.96           33.96           33.96
       0.0857696         30.3909         30.3909         30.3909
       0.0912011         26.8998         26.8998         26.8998
       0.0969765         23.8461         23.8461         23.8461
        0.103118         21.4836         21.4836         21.4836
        0.109648         19.8439         19.8439         19.8439
        0.116591         18.6951         18.6951         18.6951
        0.123975         17.6129         17.6129         17.6129
        0.131826         16.1998         16.1998         16.1998
        0.140174         14.3734         14.3734         14.3734
         0.14905         12.4589         12.4589         12.4589
        0.158489         10.9138         10.9138         10.9138
        0.168526         9.91754         9.91754         9.91754
        0.179198         9.21575         9.21575         9.21575
        0.190546         8.38639         8.38639         8.38639
        0.202613         7.33348         7.33348         7.33348
        0.215443         6.37604         6.37604         6.37604
        0.229087         5.73306         5.73306         5.73306
        0.243594         5.21256         5.21256         5.21256
         0.25902         4.59523         4.59523         4.59523
        0.275423         4.01172         4.01172         4.01172
        0.292864          3.5874          3.5874          3.5874
        0.311411         3.18927         3.18927         3.18927
        0.331131         2.78985         2.78985         2.78985
        0.352101         2.47139         2.47139         2.47139
        0.374398         2.17974         2.17974         2.17974
        0.398107         1.91226         1.91226         1.91226
        0.423318         1.68565         1.68565         1.68565
        0.450125         1.47741         1.47741         1.47741
         0.47863          1.2975          1.2975          1.2975
         0.50894         1.13619         1.13619         1.13619
         0.54117        0.995185        0.995185        0.995185
         0.57544        0.870176        0.870176        0.870176
        0.611881        0.760485        0.760485        0.760485
        0.650629        0.663954        0.663954        0.663954
        0.691831         0.57912         0.57912         0.57912
        0.735642        0.504739        0.504739        0.504739
        0.782228        0.439549        0.439549        0.439549
        0.831764        0.382457        0.382457        0.382457
        0.884437        0.332513        0.332513        0.332513
        0.940445        0.288867        0.288867        0.288867
               1        0.250761        0.250761        0.250761
         1.06333         0.21752         0.21752         0.21752
         1.13066        0.188548        0.188548        0.188548
         1.20226        0.163317        0.163317        0.163317
          1.2784        0.141365        0.141365        0.141365
         1.35936        0.122282        0.122282        0.122282
         1.44544        0.105703        0.105703        0.105703
         1.53697       0.0913134       0.0913134       0.0913134
         1.63431       0.0788316       0.0788316       0.0788316
          1.7378       0.0680137       0.0680137       0.0680137
         1.84785       0.0586446       0.0586446       0.0586446
         1.96487       0.0505359       0.0505359       0.0505359
          2.0893       0.0435229       0.0435229       0.0435229
          2.2216       0.0374618       0.0374618       0.0374618
         2.36229       0.0322267       0.0322267       0.0322267
         2.51189       0.0277081       0.0277081       0.0277081
         2.67096       0.0238102       0.0238102       0.0238102
          2.8401       0.0204501       0.0204501       0.0204501
         3.01995       0.0175551       0.0175551       0.0175551
         3.21119       0.0150625       0.0150625       0.0150625
         3.41455       0.0129174       0.0129174       0.0129174
         3.63078       0.0110726       0.0110726       0.0110726
         3.86071      0.00948678      0.00948678      0.00948678
         4.10519      0.00812439      0.00812439      0.00812439
         4.36516      0.00695455      0.00695455      0.00695455
         4.64159      0.00595057      0.00595057      0.00595057
         4.93552      0.00508935      0.00508935      0.00508935
         5.24807      0.00435096      0.00435096      0.00435096
         5.58042      0.00371819      0.00371819      0.00371819
         5.93381      0.00317619      0.00317619      0.00317619
         6.30957      0.00271213      0.00271213      0.00271213
         6.70914        0.002315        0.002315        0.002315
           7.134      0.00197528      0.00197528      0.00197528
         7.58578      0.00168481      0.00168481      0.00168481
         8.06616      0.00143654      0.00143654      0.00143654
         8.57696      0.00122443      0.00122443      0.00122443
         9.12011      0.00104328      0.00104328      0.00104328
         9.69765      0.00088864      0.00088864      0.00088864
         10.3118     0.000756675     0.000756675     0.000756675
         10.9648     0.000644102     0.000644102     0.000644102
         11.6591     0.000548107     0.000548107     0.000548107
         12.3975     0.000466277     0.000466277     0.000466277
         13.1826     0.000396547     0.000396547     0.000396547
         14.0174     0.000337146     0.000337146     0.000337146
          14.905     0.000286562     0.000286562     0.000286562
         15.8489     0.000243499     0.000243499     0.000243499
         16.8526     0.000206851     0.000206851     0.000206851
         17.9198     0.000175672     0.000175672     0.000175672
         19.0546     0.000149154     0.000149154     0.000149154
         20.2613     0.000126606     0.000126606     0.000126606
         21.5443      0.00010744      0.00010744      0.00010744
         22.9087     9.11532e-05     9.11532e-05     9.11532e-05
         24.3594     7.73167e-05     7.73167e-05     7.73167e-05
          25.902      6.5565e-05      6.5565e-05      6.5565e-05
         27.5423     5.55867e-05     5.55867e-05     5.55867e-05
         29.2864     4.71163e-05     4.71163e-05     4.71163e-05
         31.1411     3.99278e-05     3.99278e-05     3.99278e-05
         33.1131     3.38287e-05     3.38287e-05     3.38287e-05
         35.2101     2.86552e-05     2.86552e-05     2.86552e-05
         37.4398     2.42678e-05     2.42678e-05     2.42678e-05
         39.8107      2.0548e-05      2.0548e-05      2.0548e-05
         42.3318     1.73948e-05     1.73948e-05     1.73948e-05
         45.0125     1.47226e-05     1.47226e-05     1.47226e-05
          47.863     1.24585e-05     1.24585e-05     1.24585e-05
          50.894     1.05406e-05     1.05406e-05     1.05406e-05
          54.117     8.91632e-06     8.91632e-06     8.91632e-06
          57.544     7.54093e-06     7.54093e-06     7.54093e-06
         61.1881     6.37656e-06     6.37656e-06     6.37656e-06
         65.0629     5.39103e-06     5.39103e-06     5.39103e-06
         69.1831     4.55703e-06     4.55703e-06     4.55703e-06
         73.5642      3.8514e-06      3.8514e-06      3.8514e-06
         78.2228     3.25449e-06     3.25449e-06     3.25449e-06
         83.1764     2.74964e-06     2.74964e-06     2.74964e-06
         88.4437     2.32273e-06     2.32273e-06     2.32273e-06
         94.0445      1.9618e-06      1.9618e-06      1.9618e-06
             100     1.65669e-06     1.65669e-06     1.65669e-06
         106.333     1.39882e-06     1.39882e-06     1.39882e-06
         113.066     1.18092e-06     1.18092e-06     1.18092e-06
         120.226     9.96807e-07     9.96807e-07     9.96807e-07
          127.84     8.41279e-07     8.41279e-07     8.41279e-07
         135.936     7.09916e-07     7.09916e-07     7.09916e-07
         144.544     5.98981e-07     5.98981e-07     5.98981e-07
         153.697     5.05312e-07     5.05312e-07     5.05312e-07
         163.431     4.26233e-07     4.26233e-07     4.26233e-07
          173.78     3.59482e-07     3.59482e-07     3.59482e-07
         184.785     3.03144e-07     3.03144e-07     3.03144e-07
         196.487     2.55603e-07     2.55603e-07     2.55603e-07
          208.93      2.1549e-07      2.1549e-07      2.1549e-07
          222.16     1.81649e-07     1.81649e-07     1.81649e-07
         236.229     1.53104e-07     1.53104e-07     1.53104e-07
         251.189     1.29029e-07     1.29029e-07     1.29029e-07
         267.096     1.08727e-07     1.08727e-07     1.08727e-07
          284.01     9.16081e-08     9.16081e-08     9.16081e-08
         301.995     7.71758e-08     7.71758e-08     7.71758e-08
         321.119     6.50098e-08     6.50098e-08     6.50098e-08
         341.455     5.47555e-08     5.47555e-08     5.47555e-08
         363.078     4.61135e-08     4.61135e-08     4.61135e-08
         386.071     3.88313e-08     3.88313e-08     3.88313e-08
         410.519     3.26955e-08     3.26955e-08     3.26955e-08
         436.516     2.75264e-08     2.75264e-08     2.75264e-08
         464.159      2.3172e-08      2.3172e-08      2.3172e-08
         493.552     1.95045e-08     1.95045e-08     1.95045e-08
         524.807     1.64158e-08     1.64158e-08     1.64158e-08
         558.042     1.38148e-08     1.38148e-08     1.38148e-08
         593.381     1.16248e-08     1.16248e-08     1.16248e-08
         630.957     9.78098e-09     9.78098e-09     9.78098e-09
         670.914     8.22884e-09     8.22884e-09     8.22884e-09
           713.4     6.92235e-09     6.92235e-09     6.92235e-09
         758.578     5.82275e-09     5.82275e-09     5.82275e-09
         806.616     4.89737e-09     4.89737e-09     4.89737e-09
         857.696     4.11867e-09     4.11867e-09     4.11867e-09
         912.011     3.46349e-09     3.46349e-09     3.46349e-09
         969.765     2.91227e-09     2.91227e-09     2.91227e-09
         1031.18     2.44856e-09     2.44856e-09     2.44856e-09
         1096.48     2.05851e-09     2.05851e-09     2.05851e-09
         1165.91     1.73045e-09     1.73045e-09     1.73045e-09
         1239.75     1.45455e-09     1.45455e-09     1.45455e-09
         1318.26     1.22253e-09     1.22253e-09     1.22253e-09
         1401.74     1.02744e-09     1.02744e-09     1.02744e-09
          1490.5     8.63417e-10     8.63417e-10     8.63417e-10
         1584.89     7.25518e-10     7.25518e-10     7.25518e-10
         1685.26     6.09595e-10     6.09595e-10     6.09595e-10
         1791.98     5.12155e-10     5.12155e-10     5.12155e-10
         1905.46     4.30257e-10     4.30257e-10     4.30257e-10
         2026.13     3.61427e-10     3.61427e-10     3.61427e-10
         2154.43     3.03586e-10     3.03586e-10     3.03586e-10
         2290.87     2.54983e-10     2.54983e-10     2.54983e-10
         2435.94     2.14145e-10     2.14145e-10     2.14145e-10
          2590.2     1.79835e-10     1.79835e-10     1.79835e-10
         2754.23     1.51011e-10     1.51011e-10     1.51011e-10
         2928.64     1.26798e-10     1.26798e-10     1.26798e-10
         3114.11      1.0646e-10      1.0646e-10      1.0646e-10
         3311.31     8.93776e-11     8.93776e-11     8.93776e-11
         3521.01     7.50313e-11     7.50313e-11     7.50313e-11
         3743.98     6.29836e-11     6.29836e-11     6.29836e-11
         3981.07     5.28669e-11     5.28669e-11     5.28669e-11
         4233.18     4.43722e-11     4.43722e-11     4.43722e-11
         4501.25       3.724e-11       3.724e-11       3.724e-11
          4786.3     3.12522e-11     3.12522e-11     3.12522e-11
          5089.4     2.62256e-11     2.62256e-11     2.62256e-11
          5411.7      2.2006e-11      2.2006e-11      2.2006e-11
          5754.4     1.84642e-11     1.84642e-11     1.84642e-11
         6118.81     1.54915e-11     1.54915e-11     1.54915e-11
         6506.29     1.29966e-11     1.29966e-11     1.29966e-11
         6918.31     1.09028e-11     1.09028e-11     1.09028e-11
         7356.42     9.14583e-12     9.14583e-12     9.14583e-12
         7822.28     7.67153e-12     7.67153e-12     7.67153e-12
         8317.64      6.4345e-12      6.4345e-12      6.4345e-12
         8844.37     5.39664e-12     5.39664e-12     5.39664e-12
         9404.45     4.52592e-12     4.52592e-12     4.52592e-12
